521,
500,
527,
515,
526,
530,
528,
502,
506,
508,
503,
525,
505,
523,
513,
516,
509,
511,
507,
514,
524,
504,
520,
522,
512,
510,
600,
600,
605,
625,
622,
607,
614,
602,
606,
604,
615,
611,
603,
621,
613,
608,
623,
616,
612,
624,
300,
300,
300,
308,
314,
307,
315,
306,
312,
303,
302,
310,
313,
304,
305,
311,
977,
975,
983,
976,
970,
982,
973,
978,
974,
971,
972,
979,
981,
806,
801,
805,
804,
802,
811,
807,
812,
800,
803,
813,
822,
825,
842,
831,
815,
840,
830,
820,
829,
852,
847,
832,
844,
821,
851,
843,
827,
849,
845,
833,
814,
846,
848,
823,
824,
828,
826,
204,
206,
202,
203,
205,
200,
201,
893,
891,
892,
890,
894,
896,
210,
212,
211,
209,
364,
363,
356,
350,
369,
360,
353,
352,
367,
354,
368,
365,
366,
357,
351,
362,
358,
361,
817,
819,
542,
544,
541,
557,
552,
558,
551,
540,
545,
546,
553,
556,
555,
884,
883,
885,
880,
881,
882,
908,
920,
944,
942,
928,
940,
941,
906,
946,
911,
931,
904,
924,
922,
905,
927,
909,
929,
903,
947,
945,
926,
912,
900,
901,
943,
925,
932,
921,
913,
923,
902,
907,
406,
400,
401,
408,
404,
407,
402,
403,
436,
439,
432,
437,
412,
428,
423,
420,
424,
421,
434,
433,
429,
422,
426,
411,
427,
438,
435,
413,
414,
709,
708,
701,
704,
702,
700,
745,
732,
727,
724,
742,
733,
718,
720,
711,
731,
722,
725,
734,
736,
719,
721,
716,
715,
717,
741,
743,
735,
723,
712,
744,
730,
726,
737,
710,
714,
713,
112,
106,
103,
100,
104,
115,
114,
111,
110,
105,
108,
116,
249,
220,
251,
228,
235,
208,
244,
247,
232,
226,
224,
241,
252,
237,
222,
223,
253,
227,
238,
221,
231,
242,
243,
236,
207,
248,
233,
239,
234,
954,
962,
961,
958,
966,
965,
959,
956,
957,
964,
952,
955,
951,
963,
950,
953,
334,
335,
337,
336,
328,
333,
320,
325,
338,
324,
327,
330,
326,
267,
290,
269,
263,
262,
265,
272,
266,
270,
261,
268,
260,
264,
634,
651,
647,
631,
635,
640,
630,
649,
646,
632,
653,
643,
637,
638,
652,
654,
648,
636,
633,
655